rot:
  max: 0.03734557273366795
  mean: 0.009877819515430972
  median: 0.008846594612712587
  min: 0.0007246126733440764
  num_samples: 951
  rmse: 0.011756522983810478
  std: 0.006375305035010888
scale:
  max: 0.18833241736696116
  mean: -0.009258546379738731
  median: -0.01188034219423828
  min: -0.048538084084525646
  num_samples: 951
  rmse: 0.030893490331824407
  std: 0.0294734976515641
trans:
  max: 0.29421791691595867
  mean: 0.0979486501291786
  median: 0.09936368259291616
  min: 0.0086587464772184
  num_samples: 951
  rmse: 0.11081746139168068
  std: 0.05183214916601861
