rot:
  max: 0.0373603910283869
  mean: 0.014817278066273965
  median: 0.01217391795836948
  min: 0.008391599279689169
  num_samples: 2029
  rmse: 0.015787642964959245
  std: 0.005449581735853104
scale:
  max: 0.06221924993079675
  mean: 0.011514096311417229
  median: 0.01598312788263967
  min: -0.1435191472960391
  num_samples: 2029
  rmse: 0.02742167414592366
  std: 0.02488722160259412
trans:
  max: 0.21693522072648658
  mean: 0.1062089260989544
  median: 0.10142934207548923
  min: 0.019449748316116927
  num_samples: 2029
  rmse: 0.11503498286510891
  std: 0.04418949309148867
