rot:
  max: 0.17666810421589096
  mean: 0.09430496073659356
  median: 0.09180762071398471
  min: 0.04595420392736757
  num_samples: 700
  rmse: 0.09640869420442147
  std: 0.020030244598386714
scale:
  max: 0.16292979841874633
  mean: 0.00986974199105657
  median: 0.0019731859713122413
  min: -0.06789046343282634
  num_samples: 700
  rmse: 0.03609574364271816
  std: 0.03472018004202748
trans:
  max: 0.27541859704878846
  mean: 0.12461097157965309
  median: 0.11599994884759321
  min: 0.010898768753839145
  num_samples: 700
  rmse: 0.13599504753306696
  std: 0.05446796044920382
