rot:
  max: 0.044038151059572414
  mean: 0.01573819869422928
  median: 0.01622822676663597
  min: 0.002184286097543171
  num_samples: 1745
  rmse: 0.01756528342217662
  std: 0.007800530979513705
scale:
  max: 0.06137657313755507
  mean: 0.006948627253658966
  median: 0.007849147956710434
  min: -0.08965717179859756
  num_samples: 1745
  rmse: 0.030145570800333928
  std: 0.029333803336213535
trans:
  max: 0.4004997203336152
  mean: 0.1394997798916437
  median: 0.137361847740247
  min: 0.019265771823549552
  num_samples: 1745
  rmse: 0.1540249165926506
  std: 0.06529537764310678
