rot:
  max: 0.04891446268375837
  mean: 0.009688313887907233
  median: 0.008784470216150607
  min: 0.001890478468314553
  num_samples: 830
  rmse: 0.011563993451256731
  std: 0.006313677102140437
scale:
  max: 0.11956117628736784
  mean: 0.010942038220990241
  median: -0.0007495166339136494
  min: -0.028330133538652102
  num_samples: 830
  rmse: 0.031288743223465545
  std: 0.029313090114731155
trans:
  max: 0.2644914259990875
  mean: 0.11723971377372544
  median: 0.10360575718856346
  min: 0.04844292316305447
  num_samples: 830
  rmse: 0.12847814043643177
  std: 0.052549805749007486
