rot:
  max: 0.14202231089133652
  mean: 0.013877928701871475
  median: 0.003441653891782229
  min: 0.0007680369976332862
  num_samples: 256
  rmse: 0.029589452653808183
  std: 0.026133097851149
scale:
  max: 0.08033346558712307
  mean: 0.016379022184205484
  median: 0.012992661100553748
  min: -0.09544225141177987
  num_samples: 256
  rmse: 0.028190102357083666
  std: 0.022943615739289176
trans:
  max: 0.6151850138146655
  mean: 0.1587552604376482
  median: 0.1465657241397394
  min: 0.02465030391385655
  num_samples: 256
  rmse: 0.1989210535453358
  std: 0.1198597214537095
