rot:
  max: 0.02662446882701117
  mean: 0.004924883274571655
  median: 0.0038640583169798305
  min: 0.0010330323403905464
  num_samples: 780
  rmse: 0.006283603978569276
  std: 0.0039024612350843486
scale:
  max: 0.035480506808676315
  mean: -0.0018656538900066286
  median: -0.0014196252845447566
  min: -0.01809255776323382
  num_samples: 780
  rmse: 0.007240502470631233
  std: 0.006996013978682441
trans:
  max: 0.10394753692249845
  mean: 0.03179874664871047
  median: 0.03285915518947853
  min: 0.004804248751412918
  num_samples: 780
  rmse: 0.03349071871403088
  std: 0.010510373521120196
