rot:
  max: 0.04236796373993561
  mean: 0.014413146278345633
  median: 0.013914199735035642
  min: 0.004688413547233097
  num_samples: 2013
  rmse: 0.015513437355020249
  std: 0.0057382883272931425
scale:
  max: 0.15502312876754942
  mean: -0.0033501841551710487
  median: -0.0013415761781571112
  min: -0.1521995084521599
  num_samples: 2013
  rmse: 0.036539643955162356
  std: 0.03638573685520842
trans:
  max: 0.3045581786899033
  mean: 0.1579558156094224
  median: 0.16233081176661227
  min: 0.028625570194030985
  num_samples: 2013
  rmse: 0.17171720145186672
  std: 0.06735545701443273
