rot:
  max: 0.03888193720766673
  mean: 0.012407907989222554
  median: 0.010627509179818945
  min: 0.002549979365412558
  num_samples: 1068
  rmse: 0.01461935332004958
  std: 0.007731061429547154
scale:
  max: 0.05273615591603775
  mean: -0.005899058652456463
  median: -0.0034997057865334136
  min: -0.04139304489475748
  num_samples: 1068
  rmse: 0.02283536177085486
  std: 0.022060255080590046
trans:
  max: 0.16517512143779758
  mean: 0.09276654574603108
  median: 0.08709949317601
  min: 0.01057535755645164
  num_samples: 1068
  rmse: 0.09944767030685428
  std: 0.035835835692924964
