rot:
  max: 0.034690349942618305
  mean: 0.009019482693288831
  median: 0.007293978367930927
  min: 0.001654720204987427
  num_samples: 865
  rmse: 0.011132165821102645
  std: 0.006524879141715118
scale:
  max: 0.07613867989245238
  mean: -0.0027804409328998888
  median: -0.002799801189356188
  min: -0.03366173317609922
  num_samples: 865
  rmse: 0.02254569510665841
  std: 0.022373589699935408
trans:
  max: 0.22491658575583934
  mean: 0.07609680672404064
  median: 0.0706194623244814
  min: 0.01013066338385921
  num_samples: 865
  rmse: 0.08981135167294846
  std: 0.047700680243850054
