rot:
  max: 0.037351587652416925
  mean: 0.01145545896425782
  median: 0.010093356321000151
  min: 0.003079988171242383
  num_samples: 2029
  rmse: 0.013097098583542556
  std: 0.006348736191183038
scale:
  max: 0.0795717330995449
  mean: 0.007462632381385631
  median: 0.007386424326296881
  min: -0.11785246478984324
  num_samples: 2029
  rmse: 0.024158313723453343
  std: 0.022976797860038905
trans:
  max: 0.15280544589303752
  mean: 0.09180689907154273
  median: 0.09901308986864975
  min: 0.0281707016813114
  num_samples: 2029
  rmse: 0.09839600973874234
  std: 0.03540152560800552
