rot:
  max: 0.031196294128391013
  mean: 0.012437520409798534
  median: 0.01143463436982729
  min: 0.0055678432285504904
  num_samples: 2251
  rmse: 0.013193763775151458
  std: 0.004402668351164293
scale:
  max: 0.037877372755529715
  mean: 0.001209203766064541
  median: -0.0004685035044476038
  min: -0.030395338715678455
  num_samples: 2251
  rmse: 0.012728212332531075
  std: 0.012670643844498656
trans:
  max: 0.19856266438655387
  mean: 0.08148511270139382
  median: 0.08224897036596311
  min: 0.012741835391233067
  num_samples: 2251
  rmse: 0.0886354698118169
  std: 0.03487725500670373
