rot:
  max: 0.033068776200817745
  mean: 0.009376272974948266
  median: 0.007706392298813501
  min: 0.0005868677436417344
  num_samples: 950
  rmse: 0.011300480143069239
  std: 0.006307642710486778
scale:
  max: 0.17470439059895448
  mean: -0.006031611241994163
  median: -0.010465964352500412
  min: -0.04277381101420796
  num_samples: 950
  rmse: 0.026529040899826932
  std: 0.025834273299052562
trans:
  max: 0.2500145572257563
  mean: 0.08661923727090766
  median: 0.08353816944635271
  min: 0.0328211697637834
  num_samples: 950
  rmse: 0.09418227037608527
  std: 0.03697847735913722
