rot:
  max: 0.03497650882574971
  mean: 0.009709158280007932
  median: 0.008000515522291873
  min: 0.002856987221920451
  num_samples: 1069
  rmse: 0.011090560390695956
  std: 0.005360296192695658
scale:
  max: 0.0562102571841292
  mean: -0.013612701227189553
  median: -0.018750226989867058
  min: -0.05491772096155734
  num_samples: 1069
  rmse: 0.02740768944490316
  std: 0.023788144232107015
trans:
  max: 0.17704117722846038
  mean: 0.12331691040015547
  median: 0.13875360333745515
  min: 0.03768092039405186
  num_samples: 1069
  rmse: 0.12898935511173323
  std: 0.03783111604884045
