rot:
  max: 0.04321000361652996
  mean: 0.020731453602433184
  median: 0.019006889661982013
  min: 0.012482873406044682
  num_samples: 1745
  rmse: 0.02164138146648648
  std: 0.006209365773422065
scale:
  max: 0.05768834634014586
  mean: 0.011368838660082828
  median: 0.020254550430460982
  min: -0.09405521247781423
  num_samples: 1745
  rmse: 0.03314086135061431
  std: 0.03112982811680213
trans:
  max: 0.38932498595223564
  mean: 0.1398477099080518
  median: 0.1423343825779797
  min: 0.017100162948654744
  num_samples: 1745
  rmse: 0.153092379995782
  std: 0.06228880193298248
