rot:
  max: 0.11779608844363455
  mean: 0.07041705259789689
  median: 0.0693813264696461
  min: 0.008999934271136451
  num_samples: 701
  rmse: 0.07402034376280338
  std: 0.022813373143588656
scale:
  max: 0.14452092274732609
  mean: -0.009934949882831123
  median: -0.01882789853615552
  min: -0.10690888044602098
  num_samples: 701
  rmse: 0.05485072614812876
  std: 0.053943479029467896
trans:
  max: 0.3041361588156021
  mean: 0.1637618346077953
  median: 0.1553847099572689
  min: 0.021488365325904903
  num_samples: 701
  rmse: 0.1735957163646453
  std: 0.05759804047051846
