rot:
  max: 0.03387021419075671
  mean: 0.008619163261533875
  median: 0.007305860082575437
  min: 0.0013174643177333658
  num_samples: 864
  rmse: 0.010516086493633824
  std: 0.006024790437236165
scale:
  max: 0.07671501330070551
  mean: -0.0025523674073773812
  median: -0.0029230896514561566
  min: -0.030706467708046414
  num_samples: 864
  rmse: 0.021892698340983733
  std: 0.021743405006278787
trans:
  max: 0.2169465050201349
  mean: 0.07092002105100707
  median: 0.06341101847282157
  min: 0.008729848738542897
  num_samples: 864
  rmse: 0.08516919266167172
  std: 0.047160809924827074
