rot:
  max: 0.03384451580833011
  mean: 0.015823047607737086
  median: 0.014749183506000532
  min: 0.002557024201007855
  num_samples: 732
  rmse: 0.01673740620959232
  std: 0.005456366101004028
scale:
  max: 0.14641116339046634
  mean: 7.784547086857625e-05
  median: -0.0063427880259472325
  min: -0.02324495607833732
  num_samples: 732
  rmse: 0.02252397025701062
  std: 0.022523835735091032
trans:
  max: 0.19964360992468813
  mean: 0.11791183122392902
  median: 0.1264246479145115
  min: 0.022935594389065537
  num_samples: 732
  rmse: 0.12734367674885572
  std: 0.04809586328715527
