rot:
  max: 0.12269783212324425
  mean: 0.013702830385021082
  median: 0.008805165181155662
  min: 0.0019255917300107324
  num_samples: 261
  rmse: 0.020995272650052434
  std: 0.015907039733695987
scale:
  max: 0.04268071137508023
  mean: 0.0016576637847669261
  median: 0.0012705175953389158
  min: -0.11029950905287611
  num_samples: 261
  rmse: 0.021474098647475577
  std: 0.021410022501113464
trans:
  max: 0.19379736546186355
  mean: 0.09003564167398652
  median: 0.09277837453136993
  min: 0.0034548615190878934
  num_samples: 261
  rmse: 0.10077277930888517
  std: 0.04526296806431022
