rot:
  max: 0.038027990102830436
  mean: 0.008955395845566368
  median: 0.006955375349699491
  min: 0.0014781996323234182
  num_samples: 1066
  rmse: 0.01079708426873779
  std: 0.006031410610747547
scale:
  max: 0.01842004715902168
  mean: -0.001443759090260771
  median: 0.001516607426312544
  min: -0.026053359349315186
  num_samples: 1066
  rmse: 0.010825783447679928
  std: 0.010729079501306242
trans:
  max: 0.11761252564812985
  mean: 0.04868112501141402
  median: 0.04847467570196583
  min: 0.012337484129774527
  num_samples: 1066
  rmse: 0.05077512200302143
  std: 0.014431253654648136
