rot:
  max: 0.036662698879427615
  mean: 0.010032829863389355
  median: 0.008426849996483016
  min: 0.0019567071952727314
  num_samples: 2029
  rmse: 0.011670179613398227
  std: 0.005961159043445986
scale:
  max: 0.04866650400410055
  mean: 0.00938339932499004
  median: 0.012667447911500096
  min: -0.10022584706465043
  num_samples: 2029
  rmse: 0.021582277962378434
  std: 0.019435702692548646
trans:
  max: 0.17652466766470734
  mean: 0.08510590408580943
  median: 0.08433304995734489
  min: 0.009426903873478793
  num_samples: 2029
  rmse: 0.09224571735276069
  std: 0.0355845115136124
