rot:
  max: 0.03660587308205203
  mean: 0.010047007168631895
  median: 0.00809039989735355
  min: 0.002018821203503734
  num_samples: 1098
  rmse: 0.012086284822080627
  std: 0.006718327749813623
scale:
  max: 0.04968683601901236
  mean: -0.004896804929348813
  median: -0.0035161279257492906
  min: -0.03655808343098077
  num_samples: 1098
  rmse: 0.02119734462165361
  std: 0.020623984108145862
trans:
  max: 0.1596414789856878
  mean: 0.08751794063813745
  median: 0.08340645054802154
  min: 0.012385158107333984
  num_samples: 1098
  rmse: 0.09334910345947604
  std: 0.03247560904967602
