rot:
  max: 0.025621357986475756
  mean: 0.009997642335984094
  median: 0.008840367700413033
  min: 0.002947127160349178
  num_samples: 1071
  rmse: 0.011152975994975707
  std: 0.00494328041549771
scale:
  max: 0.22033531113496574
  mean: -0.01212348397110249
  median: -0.021248226995740804
  min: -0.051589910231630065
  num_samples: 1071
  rmse: 0.034202849615315625
  std: 0.031982120914822346
trans:
  max: 0.3498776303956951
  mean: 0.14215422407782072
  median: 0.12000395518834936
  min: 0.02450142919972896
  num_samples: 1071
  rmse: 0.1592909482006204
  std: 0.07187338001990307
