rot:
  max: 0.03540039698894185
  mean: 0.01055605790588531
  median: 0.008198973671476106
  min: 0.0022365963617023733
  num_samples: 872
  rmse: 0.012543151092442736
  std: 0.006774974598878179
scale:
  max: 0.034988579184641155
  mean: -0.0010694931327281706
  median: 0.0027497385891336323
  min: -0.03025287793827469
  num_samples: 872
  rmse: 0.012892801877551135
  std: 0.012848366615754465
trans:
  max: 0.09197361795876602
  mean: 0.05261684347376402
  median: 0.05184816604029501
  min: 0.02081399256946108
  num_samples: 872
  rmse: 0.055322633776994416
  std: 0.017089809562451777
