rot:
  max: 0.03392372841711331
  mean: 0.006930913792892874
  median: 0.006213812526390976
  min: 0.0016731796202884754
  num_samples: 835
  rmse: 0.008289728399345856
  std: 0.004547750095421741
scale:
  max: 0.028645348087851463
  mean: -0.001250179500226739
  median: 0.0011935754013330246
  min: -0.040917893197193966
  num_samples: 835
  rmse: 0.014162240487087713
  std: 0.014106952428902532
trans:
  max: 0.12836804465470594
  mean: 0.0543434354889479
  median: 0.047443577458280796
  min: 0.006728072950618611
  num_samples: 835
  rmse: 0.06219978117544085
  std: 0.030258945743883384
