rot:
  max: 0.12751013647877477
  mean: 0.023336536691988475
  median: 0.018340137205009037
  min: 0.011290355645423687
  num_samples: 261
  rmse: 0.029643874976042865
  std: 0.018280190885730244
scale:
  max: 0.017836905218704402
  mean: -0.010770081254443314
  median: -0.007534022185264444
  min: -0.1695807100430523
  num_samples: 261
  rmse: 0.02692570765884648
  std: 0.02467790677311091
trans:
  max: 0.27290880561563935
  mean: 0.1069755690074744
  median: 0.11062464936131286
  min: 0.011600644595449443
  num_samples: 261
  rmse: 0.12020251181031476
  std: 0.05481670804632421
