rot:
  max: 0.14568901849830695
  mean: 0.07796310336229871
  median: 0.07720934590151496
  min: 0.01582210149674024
  num_samples: 700
  rmse: 0.08131923322137671
  std: 0.02312081758572108
scale:
  max: 0.07315555241032778
  mean: -0.02097962256188098
  median: -0.026405448945821974
  min: -0.0924080578272064
  num_samples: 700
  rmse: 0.03942058886150448
  std: 0.033374215546568074
trans:
  max: 0.23747005733123872
  mean: 0.13212183797781285
  median: 0.13306232424374437
  min: 0.01659602250985358
  num_samples: 700
  rmse: 0.13967615102320508
  std: 0.04531276965736892
