rot:
  max: 0.03823495974099518
  mean: 0.012007818925758678
  median: 0.010701120260677046
  min: 0.0039811288120309915
  num_samples: 1992
  rmse: 0.013568556288553444
  std: 0.006318069673708496
scale:
  max: 0.04565175496552265
  mean: 0.005325723218025464
  median: 0.006815075097712731
  min: -0.08870948404747714
  num_samples: 1992
  rmse: 0.020759425400028255
  std: 0.02006465586907291
trans:
  max: 0.25033107930982557
  mean: 0.1069521236279904
  median: 0.09935115645905415
  min: 0.013046823891862536
  num_samples: 1992
  rmse: 0.11532116856942343
  std: 0.04313021182049054
