rot:
  max: 0.03637473286255862
  mean: 0.010791899000638728
  median: 0.008697479663486184
  min: 0.002477404878260055
  num_samples: 1099
  rmse: 0.01273501656356843
  std: 0.0067613284814728196
scale:
  max: 0.09803889187820203
  mean: -0.008125668275477026
  median: -0.006329669259106496
  min: -0.13099229451281436
  num_samples: 1099
  rmse: 0.03944942868432726
  std: 0.03860350940778219
trans:
  max: 0.43029603299845454
  mean: 0.14216526491666054
  median: 0.1246388703292453
  min: 0.04264286643862865
  num_samples: 1099
  rmse: 0.1676587690171305
  std: 0.08887350718586098
