rot:
  max: 0.03863458256833354
  mean: 0.01075103066025651
  median: 0.010037880799878598
  min: 0.0034868397070532482
  num_samples: 2010
  rmse: 0.011811887814998702
  std: 0.004892446575726616
scale:
  max: 0.05925839614573314
  mean: -0.0003168209523013236
  median: 0.002597871295466847
  min: -0.10700967314563792
  num_samples: 2010
  rmse: 0.02119920176755561
  std: 0.021196834199137263
trans:
  max: 0.17220225111589732
  mean: 0.09314986433754725
  median: 0.0961149840823006
  min: 0.014150608469367944
  num_samples: 2010
  rmse: 0.1011832982596376
  std: 0.0395115504706575
