rot:
  max: 0.11486637933249635
  mean: 0.06688403672300645
  median: 0.06638549251561428
  min: 0.02028024060696148
  num_samples: 701
  rmse: 0.06977020826786137
  std: 0.019859697716135077
scale:
  max: 0.10966290001316636
  mean: -0.029921185167020536
  median: -0.03358431474342427
  min: -0.13962334272879673
  num_samples: 701
  rmse: 0.053438778442620946
  std: 0.04427669499454983
trans:
  max: 0.3864285979765289
  mean: 0.18483366543274754
  median: 0.17865636916208327
  min: 0.019870308256828496
  num_samples: 701
  rmse: 0.1972924585619865
  std: 0.06899877048272912
