rot:
  max: 0.13323184225481266
  mean: 0.07341000277120388
  median: 0.07188321498996156
  min: 0.020629613477864513
  num_samples: 700
  rmse: 0.075759740681566
  std: 0.018721906988070733
scale:
  max: 0.07145057020922985
  mean: -0.027432267510741355
  median: -0.02863409923964827
  min: -0.11184053580726139
  num_samples: 700
  rmse: 0.04683254477168176
  std: 0.0379573174633127
trans:
  max: 0.267436458448384
  mean: 0.1428771996447602
  median: 0.1412328928376311
  min: 0.021688492400411753
  num_samples: 700
  rmse: 0.1533008846002633
  std: 0.05556318062255396
