rot:
  max: 0.03628600084938875
  mean: 0.010306122171116462
  median: 0.008891292527283217
  min: 0.0034019352546440667
  num_samples: 2029
  rmse: 0.01175554126232722
  std: 0.005654785244755067
scale:
  max: 0.09895107463735964
  mean: 0.006157624704770296
  median: 0.0032469893492621527
  min: -0.11614902070282729
  num_samples: 2029
  rmse: 0.0276046917393312
  std: 0.026909155765625636
trans:
  max: 0.17136448264200932
  mean: 0.10426521937381907
  median: 0.11171008504149355
  min: 0.013944174677943701
  num_samples: 2029
  rmse: 0.11237499562475954
  std: 0.04191543475372905
