rot:
  max: 0.08781053036910119
  mean: 0.02489322002204888
  median: 0.02378078543403151
  min: 0.012027379554766553
  num_samples: 823
  rmse: 0.02784680799859644
  std: 0.012480877879562768
scale:
  max: 0.05265893716123493
  mean: -0.0067390683181949
  median: -0.004419781202805173
  min: -0.05848430115284231
  num_samples: 823
  rmse: 0.026799809928758123
  std: 0.02593867325867426
trans:
  max: 0.3800282391616195
  mean: 0.2040016461415516
  median: 0.18524509762610594
  min: 0.045015014071763615
  num_samples: 823
  rmse: 0.22111725148330355
  std: 0.08530045295933521
