rot:
  max: 0.03412844707905514
  mean: 0.006668672404812308
  median: 0.005436809658054665
  min: 0.0009798236527347444
  num_samples: 668
  rmse: 0.008479858415038758
  std: 0.005238015568552513
scale:
  max: 0.09011168191014285
  mean: 0.0018364963423764288
  median: 0.0015693065775242987
  min: -0.011824262803747043
  num_samples: 668
  rmse: 0.012115339357498013
  std: 0.011975338363978629
trans:
  max: 0.14910339411722187
  mean: 0.055930239917528116
  median: 0.0449499690368806
  min: 0.015981356514116973
  num_samples: 668
  rmse: 0.060699435424663516
  std: 0.023584522968265513
