rot:
  max: 0.054096944380746526
  mean: 0.009220310680849894
  median: 0.007937221626182198
  min: 0.001465557083981293
  num_samples: 2026
  rmse: 0.010816954498983483
  std: 0.005656180299608935
scale:
  max: 0.07256616185326736
  mean: 0.0038952492850486257
  median: 0.008937713623492827
  min: -0.11578903202964208
  num_samples: 2026
  rmse: 0.02284248609490314
  std: 0.02250791425261726
trans:
  max: 0.17665607740919984
  mean: 0.08011294714265492
  median: 0.07526139680482652
  min: 0.014638645600012231
  num_samples: 2026
  rmse: 0.08849167797251442
  std: 0.03758580543914614
