rot:
  max: 0.036495639344922136
  mean: 0.012961893438211653
  median: 0.0124599196831019
  min: 0.0038678440065067887
  num_samples: 2023
  rmse: 0.014192329125421869
  std: 0.00578027027921217
scale:
  max: 0.08760475770656528
  mean: 0.0018032140488313882
  median: 0.0005512443663751032
  min: -0.10070720737179584
  num_samples: 2023
  rmse: 0.021023983653428165
  std: 0.02094651063432074
trans:
  max: 0.2596808076309156
  mean: 0.09949008943663579
  median: 0.10379115071179056
  min: 0.02444203852305118
  num_samples: 2023
  rmse: 0.10489097950557111
  std: 0.033224082914782314
