rot:
  max: 0.03597048117408516
  mean: 0.011541554639127444
  median: 0.010350878678128533
  min: 0.0028199315096211347
  num_samples: 2018
  rmse: 0.013129134389036103
  std: 0.006258329355139929
scale:
  max: 0.0704136995013005
  mean: 0.0017308585778036375
  median: 0.003573365238848214
  min: -0.09553096748196488
  num_samples: 2018
  rmse: 0.018660201773546922
  std: 0.01857975400303049
trans:
  max: 0.14956117222565046
  mean: 0.07804124028371584
  median: 0.08093430796825285
  min: 0.01814412131482686
  num_samples: 2018
  rmse: 0.08334020937532632
  std: 0.029243038722105288
