rot:
  max: 0.0381665049708269
  mean: 0.011003347702229842
  median: 0.007341690190892392
  min: 0.0035586265236118545
  num_samples: 1066
  rmse: 0.013149573524353786
  std: 0.007199834943678843
scale:
  max: 0.01962916740127918
  mean: -0.0009093429817888376
  median: 0.0016793728734373348
  min: -0.03351510726506057
  num_samples: 1066
  rmse: 0.012371534920222187
  std: 0.01233807001211083
trans:
  max: 0.13087703988428429
  mean: 0.05508009274292811
  median: 0.05636130681695771
  min: 0.005643408405613577
  num_samples: 1066
  rmse: 0.05723319320544775
  std: 0.015550620178068675
