rot:
  max: 0.035600522733065736
  mean: 0.00991222019553049
  median: 0.007923853779813864
  min: 0.0012340545357777818
  num_samples: 1099
  rmse: 0.0120717430671033
  std: 0.006890201119958286
scale:
  max: 0.10677108580393302
  mean: -0.0074711577991142045
  median: -0.005855938867584176
  min: -0.1565583710601648
  num_samples: 1099
  rmse: 0.04203120395428736
  std: 0.041361865371228566
trans:
  max: 0.4966759572268136
  mean: 0.14312694647413018
  median: 0.1201974082917098
  min: 0.030616715649586363
  num_samples: 1099
  rmse: 0.17735409522536777
  std: 0.10473372086486901
