rot:
  max: 0.031510255784702866
  mean: 0.01674463765394526
  median: 0.016531741208559145
  min: 0.004745827463376693
  num_samples: 732
  rmse: 0.017516212336604536
  std: 0.005141478820251623
scale:
  max: 0.12945617807336318
  mean: -0.001034195270877485
  median: -0.006601280030179513
  min: -0.019992618774474558
  num_samples: 732
  rmse: 0.01982973768750543
  std: 0.019802750740666508
trans:
  max: 0.2157531928744487
  mean: 0.10799963540761118
  median: 0.11415229678325467
  min: 0.011387576089055345
  num_samples: 732
  rmse: 0.11751963690835297
  std: 0.046335125022968854
