rot:
  max: 0.0386922309448397
  mean: 0.009683581399911424
  median: 0.008534464736756248
  min: 0.0019879106607431926
  num_samples: 1069
  rmse: 0.01131839973254769
  std: 0.005859558326104873
scale:
  max: 0.060728624652533814
  mean: -0.01395000743179951
  median: -0.018928987551106502
  min: -0.05459358090512478
  num_samples: 1069
  rmse: 0.027823624051055627
  std: 0.024073872725160397
trans:
  max: 0.18299810712716405
  mean: 0.12364133279914068
  median: 0.14031473803860403
  min: 0.043318181582462735
  num_samples: 1069
  rmse: 0.1302537766035566
  std: 0.040973981294736436
