rot:
  max: 0.1452576906063508
  mean: 0.09128623840081693
  median: 0.08860156812415833
  min: 0.029474860287514344
  num_samples: 701
  rmse: 0.0942520782430138
  std: 0.02345798226097891
scale:
  max: 0.29890728717495607
  mean: 0.04136563704808831
  median: 0.04423217320876893
  min: -0.09899013675911639
  num_samples: 701
  rmse: 0.08757560824995565
  std: 0.07719048666743544
trans:
  max: 0.6005329211269281
  mean: 0.24252441801651622
  median: 0.2286627900583532
  min: 0.06735932801732399
  num_samples: 701
  rmse: 0.26344680787585273
  std: 0.10288890730164559
