rot:
  max: 0.03716236655860691
  mean: 0.012033907742011763
  median: 0.01077465112786245
  min: 0.0029136838529552657
  num_samples: 2011
  rmse: 0.013561334844532239
  std: 0.006252588841613912
scale:
  max: 0.04605637464448176
  mean: 0.007327049510546041
  median: 0.010852053502549586
  min: -0.09819447516347413
  num_samples: 2011
  rmse: 0.019692999201803955
  std: 0.018279183872160647
trans:
  max: 0.18741507593614262
  mean: 0.09509967269992112
  median: 0.09075790897002906
  min: 0.01741712878163357
  num_samples: 2011
  rmse: 0.1006735791941745
  std: 0.03303364648557014
