rot:
  max: 0.031091286840810056
  mean: 0.013254834311460618
  median: 0.01336172010507425
  min: 0.0007766222229060954
  num_samples: 707
  rmse: 0.015078300795583803
  std: 0.007187803715866825
scale:
  max: 0.10956568534636113
  mean: -0.0003296117198729363
  median: -0.0024077558264691268
  min: -0.021536657471494358
  num_samples: 707
  rmse: 0.013947514410191122
  std: 0.013943619126202898
trans:
  max: 0.27463810382240855
  mean: 0.06476298107036511
  median: 0.050592420562215676
  min: 0.018604568928058847
  num_samples: 707
  rmse: 0.07635840351209643
  std: 0.040451972384491566
