rot:
  max: 0.037803444513559145
  mean: 0.011693145098599965
  median: 0.010149709307817814
  min: 0.0026612441119052473
  num_samples: 953
  rmse: 0.013120180939692987
  std: 0.00595058867620428
scale:
  max: 0.2923095502197284
  mean: -0.014084692220916833
  median: -0.015758421900350483
  min: -0.0879644691799012
  num_samples: 953
  rmse: 0.05253062004870113
  std: 0.050607188103500074
trans:
  max: 0.39465138637264574
  mean: 0.16606355501503625
  median: 0.15477170979384325
  min: 0.03595121239733824
  num_samples: 953
  rmse: 0.18601702832313036
  std: 0.08381664823849916
