rot:
  max: 0.037880875188748275
  mean: 0.011671858372886005
  median: 0.010233581154645533
  min: 0.003383145396200251
  num_samples: 2029
  rmse: 0.01319708581620581
  std: 0.0061587982726821035
scale:
  max: 0.09318794047885381
  mean: 0.006674330006338351
  median: 0.006296179938427793
  min: -0.11522127005227878
  num_samples: 2029
  rmse: 0.02525872816373551
  std: 0.024360966060810813
trans:
  max: 0.16224731241550264
  mean: 0.09850180600246129
  median: 0.10724083407232046
  min: 0.024700886809677546
  num_samples: 2029
  rmse: 0.10555055723456531
  std: 0.03792511498704651
