rot:
  max: 0.033245736124412936
  mean: 0.009366248546444342
  median: 0.006576535784581001
  min: 0.0019458262484621826
  num_samples: 835
  rmse: 0.011539934928442516
  std: 0.006741178407290284
scale:
  max: 0.03186083115005656
  mean: -0.0015640489167932754
  median: 0.002461429691419603
  min: -0.04056752259009233
  num_samples: 835
  rmse: 0.016028059749245368
  std: 0.015951565763625122
trans:
  max: 0.12831126270814244
  mean: 0.06069759789481463
  median: 0.055580509565372464
  min: 0.014904034050863341
  num_samples: 835
  rmse: 0.06813101121403152
  std: 0.03094569919788349
