rot:
  max: 0.04071938872061357
  mean: 0.017829436145229017
  median: 0.017138071043986056
  min: 0.009318871922134429
  num_samples: 2029
  rmse: 0.01865929791874575
  std: 0.005502781620572338
scale:
  max: 0.38851741158881703
  mean: 0.00014495305275120926
  median: 0.026189748017115377
  min: -0.22280311787183027
  num_samples: 2029
  rmse: 0.08653039314726889
  std: 0.08653027173673628
trans:
  max: 0.7317634419318547
  mean: 0.41569522803029096
  median: 0.40231104019334374
  min: 0.10569447028510673
  num_samples: 2029
  rmse: 0.43377726680146905
  std: 0.12393625210807983
