rot:
  max: 0.03411619059310803
  mean: 0.010272559454150301
  median: 0.008407053486725853
  min: 0.004040447136496263
  num_samples: 1070
  rmse: 0.011771508080091106
  std: 0.0057482975515014655
scale:
  max: 0.08018817192319294
  mean: -0.016607213356779955
  median: -0.021666742081397128
  min: -0.0575559866515698
  num_samples: 1070
  rmse: 0.030570131275340407
  std: 0.025665801969039177
trans:
  max: 0.21628407889380705
  mean: 0.13712975807077507
  median: 0.16163505520754484
  min: 0.04176641252656089
  num_samples: 1070
  rmse: 0.14724361199115873
  std: 0.0536293830251072
