rot:
  max: 0.036831566211136015
  mean: 0.00984519465512366
  median: 0.008642417650422656
  min: 0.0019675285463387955
  num_samples: 1097
  rmse: 0.011342537786672572
  std: 0.005632522138866344
scale:
  max: 0.034607284431801055
  mean: -0.004164012210060259
  median: -0.0027631965354791843
  min: -0.03989491527570099
  num_samples: 1097
  rmse: 0.016602891612331094
  std: 0.016072243533660248
trans:
  max: 0.12876546325125088
  mean: 0.06881313418633998
  median: 0.0671338936451854
  min: 0.010921855132162046
  num_samples: 1097
  rmse: 0.07327550004821343
  std: 0.025180378685962814
