rot:
  max: 0.03350975059103044
  mean: 0.010729795336038954
  median: 0.010054630660340364
  min: 0.0032206742788332904
  num_samples: 2022
  rmse: 0.012061055261470376
  std: 0.005508225310112061
scale:
  max: 0.05149736611756017
  mean: 0.005175843002950451
  median: 0.008683665498032789
  min: -0.09644483051876496
  num_samples: 2022
  rmse: 0.018983757643484762
  std: 0.01826454772162111
trans:
  max: 0.16801546160760192
  mean: 0.08666345257707866
  median: 0.0855146385569884
  min: 0.019039805662543364
  num_samples: 2022
  rmse: 0.09072924719971803
  std: 0.02685595436487058
