rot:
  max: 0.04662974793566801
  mean: 0.02037765884944724
  median: 0.02117772845522587
  min: 0.008385062943969051
  num_samples: 2304
  rmse: 0.02209566664953795
  std: 0.008542218944925663
scale:
  max: 0.026661513911738766
  mean: 0.0023414706212232183
  median: 0.0031527946751866986
  min: -0.026626439083750064
  num_samples: 2304
  rmse: 0.01465974507582661
  std: 0.014471545909755844
trans:
  max: 0.11349704735436317
  mean: 0.06140477675631539
  median: 0.058843611395796316
  min: 0.006494391325909609
  num_samples: 2304
  rmse: 0.06406086360133963
  std: 0.018255071537972605
