rot:
  max: 0.04101107938855377
  mean: 0.014036666922309204
  median: 0.013230532365037625
  min: 0.004789092231876556
  num_samples: 2013
  rmse: 0.01537782858811028
  std: 0.006280891162681658
scale:
  max: 0.17031940480319774
  mean: -0.004623269609239184
  median: -0.0017319560508146647
  min: -0.14773739606720493
  num_samples: 2013
  rmse: 0.03820175053049868
  std: 0.03792095887124616
trans:
  max: 0.3068511320954457
  mean: 0.165512126409786
  median: 0.1660364306176282
  min: 0.060459367129005556
  num_samples: 2013
  rmse: 0.17730665753873037
  std: 0.0635876310210376
