rot:
  max: 0.043327057281377764
  mean: 0.012371838604917485
  median: 0.010462069130574118
  min: 0.0019676317555629153
  num_samples: 1099
  rmse: 0.014696119552697694
  std: 0.007931805559962812
scale:
  max: 0.04838693237844627
  mean: -0.004825839451294065
  median: -0.0037537845350166243
  min: -0.037534083050703826
  num_samples: 1099
  rmse: 0.022238612134078815
  std: 0.021708688197132748
trans:
  max: 0.16083156483473635
  mean: 0.09230601644670827
  median: 0.08741716236857695
  min: 0.020687658165628623
  num_samples: 1099
  rmse: 0.09802238386048577
  std: 0.032984648936019136
