rot:
  max: 0.02877514198628277
  mean: 0.007291290669037679
  median: 0.005816785401421692
  min: 0.002342813434987716
  num_samples: 779
  rmse: 0.009071591025224068
  std: 0.005397299705272079
scale:
  max: 0.03499853931453378
  mean: -0.0014310214470602432
  median: -0.0011490257583774977
  min: -0.025367749519110028
  num_samples: 779
  rmse: 0.009393893016467343
  std: 0.009284255684915591
trans:
  max: 0.09797219680014549
  mean: 0.03538133072843844
  median: 0.03608193061556837
  min: 0.00318325148362619
  num_samples: 779
  rmse: 0.03778007928675367
  std: 0.013247483791205421
