rot:
  max: 0.044516041654179744
  mean: 0.021741202506892897
  median: 0.01994859095398881
  min: 0.013373736331426196
  num_samples: 1745
  rmse: 0.022655616969998838
  std: 0.006371584877059396
scale:
  max: 0.05744464260856241
  mean: 0.011812439134089893
  median: 0.0203548968844538
  min: -0.09772940555488352
  num_samples: 1745
  rmse: 0.03529443819902284
  std: 0.033259038613406476
trans:
  max: 0.3951076930630934
  mean: 0.14794524401403486
  median: 0.14974211501626142
  min: 0.016672581929971276
  num_samples: 1745
  rmse: 0.16173637736978627
  std: 0.06535182123192562
