rot:
  max: 0.03532010975979009
  mean: 0.010528913712209062
  median: 0.008397432159585539
  min: 0.0021027707926855213
  num_samples: 871
  rmse: 0.01236840064798459
  std: 0.006489939185379302
scale:
  max: 0.034417972616968884
  mean: -0.0016077235537946958
  median: 0.004488117258913293
  min: -0.04851139216665523
  num_samples: 871
  rmse: 0.017260062187745815
  std: 0.017185021725311448
trans:
  max: 0.130833565874302
  mean: 0.06551186861847501
  median: 0.06169882043031954
  min: 0.01846754696714025
  num_samples: 871
  rmse: 0.0713999225720981
  std: 0.02839267534800595
