rot:
  max: 0.03769605472393221
  mean: 0.01162512861730043
  median: 0.010163605734286171
  min: 0.0033600246122447303
  num_samples: 2029
  rmse: 0.013157670970011758
  std: 0.006162847555011619
scale:
  max: 0.09024097812305443
  mean: 0.006655430805789339
  median: 0.0063461892720042545
  min: -0.11358309139555045
  num_samples: 2029
  rmse: 0.024623971068205314
  std: 0.0237074923169272
trans:
  max: 0.15857361189868432
  mean: 0.09570944582790548
  median: 0.10510596871004062
  min: 0.027825665903635156
  num_samples: 2029
  rmse: 0.10251706575962412
  std: 0.03673487105296899
