rot:
  max: 0.03571206726836602
  mean: 0.010960581039653902
  median: 0.007584741794658511
  min: 0.003689390161136662
  num_samples: 1067
  rmse: 0.013128569576758523
  std: 0.007226686820733894
scale:
  max: 0.019604637668998448
  mean: -0.00024752220674773234
  median: 0.002046080310378784
  min: -0.025796603415230268
  num_samples: 1067
  rmse: 0.01098428718355355
  std: 0.01098149797103954
trans:
  max: 0.09844755538621486
  mean: 0.050291798826390344
  median: 0.051223688092262784
  min: 0.0053650671684083
  num_samples: 1067
  rmse: 0.052166410369229144
  std: 0.013858908384742984
