rot:
  max: 0.03811361889440973
  mean: 0.006707406178660608
  median: 0.005581592158382354
  min: 0.00017631408143696208
  num_samples: 953
  rmse: 0.008526970422550665
  std: 0.005264971694275223
scale:
  max: 0.21830782014791383
  mean: -0.011270816905150851
  median: -0.017474323357369204
  min: -0.063695928068357
  num_samples: 953
  rmse: 0.040687179608151214
  std: 0.03909495198560195
trans:
  max: 0.3357200969913687
  mean: 0.13824681579131856
  median: 0.1182803706918394
  min: 0.03000290871414468
  num_samples: 953
  rmse: 0.15777421461174546
  std: 0.07602973576117658
