rot:
  max: 0.03455907690205519
  mean: 0.009632589140642744
  median: 0.008793691998097358
  min: 0.0036057870403621837
  num_samples: 1992
  rmse: 0.010871046261336352
  std: 0.005039134177980018
scale:
  max: 0.04905234464740027
  mean: 0.005999014624954586
  median: 0.005998311279363122
  min: -0.08745119504836896
  num_samples: 1992
  rmse: 0.017871334901957768
  std: 0.01683438251637151
trans:
  max: 0.22803290593632264
  mean: 0.07146900662768736
  median: 0.07301397302107815
  min: 0.015122668108689258
  num_samples: 1992
  rmse: 0.0768468335810017
  std: 0.028242112581705666
