rot:
  max: 0.1259680141117156
  mean: 0.07242901648294457
  median: 0.07281115952342655
  min: 0.020739179200760932
  num_samples: 701
  rmse: 0.07572184379266417
  std: 0.02208699161665048
scale:
  max: 0.1301122570763662
  mean: -0.018785390496647233
  median: -0.020724812065997966
  min: -0.12721371931276104
  num_samples: 701
  rmse: 0.05189216902683357
  std: 0.04837257808095347
trans:
  max: 0.3028116509328065
  mean: 0.15511372274398752
  median: 0.14929821580247063
  min: 0.016797948424774646
  num_samples: 701
  rmse: 0.16560405032711334
  std: 0.05800374557945719
