rot:
  max: 0.05843976998453613
  mean: 0.029552287770663474
  median: 0.025855490055043437
  min: 0.008686522544551559
  num_samples: 2251
  rmse: 0.031690943606041876
  std: 0.011444570510125011
scale:
  max: 0.05215669414667934
  mean: -0.0035626423855187944
  median: -0.006747426572862869
  min: -0.03781453960284442
  num_samples: 2251
  rmse: 0.018057674131443064
  std: 0.01770274482305763
trans:
  max: 0.18928916622235006
  mean: 0.10163415061687363
  median: 0.09684400970265963
  min: 0.06132676274944466
  num_samples: 2251
  rmse: 0.1049431149741171
  std: 0.026144919369877728
