rot:
  max: 0.03264684366107014
  mean: 0.012487433527155697
  median: 0.011017670031215569
  min: 0.0017967076582337163
  num_samples: 707
  rmse: 0.014263122535873647
  std: 0.00689207286512664
scale:
  max: 0.11747490022188911
  mean: 0.0004954946602060767
  median: -0.000522502629333288
  min: -0.024195912390996943
  num_samples: 707
  rmse: 0.014411044084134758
  std: 0.014402523273252588
trans:
  max: 0.37967635486037954
  mean: 0.07007507357453273
  median: 0.05714122042779146
  min: 0.022564945452343943
  num_samples: 707
  rmse: 0.08543602689604982
  std: 0.04887533892779027
