rot:
  max: 0.03558461921551377
  mean: 0.009644062812794502
  median: 0.008658848188813493
  min: 0.000745954695393958
  num_samples: 949
  rmse: 0.01121358092677202
  std: 0.0057215775503037004
scale:
  max: 0.21302037990964928
  mean: -0.009589194773531776
  median: -0.014732915447520645
  min: -0.052717730572378274
  num_samples: 949
  rmse: 0.033217588132937
  std: 0.03180338826233312
trans:
  max: 0.3373305487146489
  mean: 0.10629638927764336
  median: 0.10263358593721887
  min: 0.037020242599909124
  num_samples: 949
  rmse: 0.11629347101388705
  std: 0.04717254526727921
