rot:
  max: 0.033922046281272294
  mean: 0.011672109211387973
  median: 0.010098048313840802
  min: 0.0035616211813733647
  num_samples: 1076
  rmse: 0.013015935401053837
  std: 0.005759899384697498
scale:
  max: 0.22338819596817983
  mean: -0.011057069133215735
  median: -0.0206520106859564
  min: -0.05193900788302919
  num_samples: 1076
  rmse: 0.03454034510540098
  std: 0.0327227239419869
trans:
  max: 0.3593056384744862
  mean: 0.14132979728289963
  median: 0.12786199708982446
  min: 0.04290953791621151
  num_samples: 1076
  rmse: 0.15739665775854217
  std: 0.0692791185966896
