rot:
  max: 0.040845859711449765
  mean: 0.013006051959032037
  median: 0.012513788074481247
  min: 0.004610050904531396
  num_samples: 2013
  rmse: 0.014125357214171666
  std: 0.005510746670543844
scale:
  max: 0.16342413749860185
  mean: -0.004531038644943
  median: -0.0012833537748109247
  min: -0.14630646655930135
  num_samples: 2013
  rmse: 0.037217944418831896
  std: 0.03694110279297702
trans:
  max: 0.3024384855018573
  mean: 0.16147799312588473
  median: 0.16152898953465325
  min: 0.05977183221561093
  num_samples: 2013
  rmse: 0.17319306206502952
  std: 0.06261544923976796
