rot:
  max: 0.050041900803919355
  mean: 0.022598882905625936
  median: 0.023701190962359536
  min: 0.009240397728274985
  num_samples: 2305
  rmse: 0.02448443380367747
  std: 0.009422207284096068
scale:
  max: 0.026419262665813514
  mean: 0.000938978963755712
  median: 0.0015809673609652464
  min: -0.030016607317136068
  num_samples: 2305
  rmse: 0.015507704765698377
  std: 0.015479251454953769
trans:
  max: 0.11373446965698598
  mean: 0.06349767583291906
  median: 0.06281040063062383
  min: 0.002882411829720223
  num_samples: 2305
  rmse: 0.06643827020970013
  std: 0.019547094727213863
