rot:
  max: 0.03476209212277788
  mean: 0.009875327280022989
  median: 0.008994412498706346
  min: 0.0037211219710510625
  num_samples: 2023
  rmse: 0.011080732207544715
  std: 0.00502598620847214
scale:
  max: 0.05374950655749089
  mean: 0.006012871194375797
  median: 0.005936842350439564
  min: -0.08984065105759031
  num_samples: 2023
  rmse: 0.01817743207166762
  std: 0.017154137014724354
trans:
  max: 0.12441488605816442
  mean: 0.0712675086570004
  median: 0.07263228573002968
  min: 0.018829771374446778
  num_samples: 2023
  rmse: 0.07665518311339592
  std: 0.028230467725006227
