rot:
  max: 0.03502355135291932
  mean: 0.007835542357665759
  median: 0.0065971112481228444
  min: 5.968454386096695e-05
  num_samples: 865
  rmse: 0.009836037072799474
  std: 0.005945746484564495
scale:
  max: 0.0625228915206768
  mean: -0.0028449468476390593
  median: -0.003275408169780225
  min: -0.03376811150582382
  num_samples: 865
  rmse: 0.018909396756684245
  std: 0.018694158529760287
trans:
  max: 0.1951173423523534
  mean: 0.06433699812055592
  median: 0.056159093319601616
  min: 0.01291324432351335
  num_samples: 865
  rmse: 0.07590499555697287
  std: 0.040278021591677725
