rot:
  max: 0.03594759492113013
  mean: 0.01068704894306196
  median: 0.010163166608621564
  min: 0.0029074054995498234
  num_samples: 871
  rmse: 0.012127992811145273
  std: 0.005733689433147732
scale:
  max: 0.033613955599886225
  mean: -0.002293846793310526
  median: 0.0017292968224851268
  min: -0.03221123566587114
  num_samples: 871
  rmse: 0.014107937017091123
  std: 0.013920206671132043
trans:
  max: 0.09637606579632017
  mean: 0.0556040341653782
  median: 0.058913320061585554
  min: 0.01628736636813147
  num_samples: 871
  rmse: 0.05910724156826683
  std: 0.020046380978742825
