rot:
  max: 0.058605472475294206
  mean: 0.0296721862728102
  median: 0.025471927463343966
  min: 0.010252370626597724
  num_samples: 2251
  rmse: 0.03172048569268013
  std: 0.011213856355918522
scale:
  max: 0.05457852863950663
  mean: -0.0034693877295073868
  median: -0.007739044220956948
  min: -0.036566393668020836
  num_samples: 2251
  rmse: 0.018832746914233627
  std: 0.018510421527288917
trans:
  max: 0.186475981397627
  mean: 0.09839807644497897
  median: 0.09437956974353962
  min: 0.05812426126515003
  num_samples: 2251
  rmse: 0.10201466153787936
  std: 0.02692229040435046
