rot:
  max: 0.032058088733491696
  mean: 0.009968481985856299
  median: 0.009402761439682035
  min: 0.0015288766571670352
  num_samples: 707
  rmse: 0.01139463506812255
  std: 0.005519698835384667
scale:
  max: 0.06628513058541552
  mean: 0.0023485514518939883
  median: 0.002389814892557851
  min: -0.014947434402112214
  num_samples: 707
  rmse: 0.01063892259948832
  std: 0.010376462795948812
trans:
  max: 0.24765654994666955
  mean: 0.06008812969411534
  median: 0.05063539701086561
  min: 0.02394554178767149
  num_samples: 707
  rmse: 0.06808320787926267
  std: 0.03201155830312033
