rot:
  max: 0.032315481326803557
  mean: 0.009228697919548712
  median: 0.0097546756164644
  min: 0.0023040972101242728
  num_samples: 2305
  rmse: 0.010050896203058636
  std: 0.0039814129645612305
scale:
  max: 0.017900353988846485
  mean: 0.005792208230329385
  median: 0.0060027664725754715
  min: -0.011206002728802789
  num_samples: 2305
  rmse: 0.007937009048818429
  std: 0.005426457081515534
trans:
  max: 0.08046743500508702
  mean: 0.037134803846710036
  median: 0.03531338305987154
  min: 0.005719973696949983
  num_samples: 2305
  rmse: 0.039215674289957154
  std: 0.01260458064682765
