rot:
  max: 0.03628816590036619
  mean: 0.009847790241677704
  median: 0.008436104840706919
  min: 0.0029334972271362826
  num_samples: 2029
  rmse: 0.011283948930876435
  std: 0.005508950066078379
scale:
  max: 0.056859303278896656
  mean: 0.008741972580667893
  median: 0.010212064258082076
  min: -0.11056557205500217
  num_samples: 2029
  rmse: 0.022889193840296414
  std: 0.021154032950185038
trans:
  max: 0.15901350625334223
  mean: 0.08535833159595618
  median: 0.08620616234709513
  min: 0.012882568517528028
  num_samples: 2029
  rmse: 0.09230651686908084
  std: 0.03513471621710783
