rot:
  max: 0.03851532632871315
  mean: 0.019231796836804167
  median: 0.019132622398361977
  min: 0.00808583014255972
  num_samples: 1100
  rmse: 0.0199876012216877
  std: 0.005444464438776306
scale:
  max: 0.12043548018261796
  mean: -0.019005950619003203
  median: -0.009227876724379414
  min: -0.06495535409638631
  num_samples: 1100
  rmse: 0.034266753930252775
  std: 0.028512878949423948
trans:
  max: 0.23964478971452138
  mean: 0.1268985903777212
  median: 0.14337972449742123
  min: 0.022506974882473413
  num_samples: 1100
  rmse: 0.140157191890002
  std: 0.05950450570030956
