rot:
  max: 0.057563235019171224
  mean: 0.02240557097714211
  median: 0.021274101151776418
  min: 0.003258779485021225
  num_samples: 1738
  rmse: 0.02541217793505941
  std: 0.011990378500754977
scale:
  max: 0.2285209522263021
  mean: -0.029624016727357486
  median: -0.029857259993740004
  min: -0.079818033823989
  num_samples: 1738
  rmse: 0.050680148949015846
  std: 0.04112049526004852
trans:
  max: 0.3853082704139167
  mean: 0.20893870661668565
  median: 0.1893498215538302
  min: 0.05106969871077908
  num_samples: 1738
  rmse: 0.2279125185258664
  std: 0.0910424789763004
