rot:
  max: 0.04332747839511401
  mean: 0.01881242187818538
  median: 0.01842031074160365
  min: 0.0040272183392225025
  num_samples: 1738
  rmse: 0.02084940306839044
  std: 0.00898834753363376
scale:
  max: 0.19469451335931298
  mean: -0.0263418058182059
  median: -0.025471296161918955
  min: -0.07412603070052637
  num_samples: 1738
  rmse: 0.04435601656954858
  std: 0.03568704908162066
trans:
  max: 0.361600881587452
  mean: 0.18406238468479447
  median: 0.15187750504018244
  min: 0.007156914302766347
  num_samples: 1738
  rmse: 0.20593176168083074
  std: 0.09235220091106332
