rot:
  max: 0.04078366339839155
  mean: 0.010674660405795684
  median: 0.009390446275239467
  min: 0.0041660381201569854
  num_samples: 830
  rmse: 0.012020756127646321
  std: 0.005527223815016383
scale:
  max: 0.08727233169329573
  mean: 0.011061604914985947
  median: -0.0017059300905964414
  min: -0.021654254442237897
  num_samples: 830
  rmse: 0.02808121276471707
  std: 0.02581076145800562
trans:
  max: 0.2573781402976364
  mean: 0.1037444248055638
  median: 0.09274864737608075
  min: 0.02592894397911529
  num_samples: 830
  rmse: 0.11761412816515365
  std: 0.05540918214350296
