rot:
  max: 0.035924050471706985
  mean: 0.01172785284128642
  median: 0.011249424332200714
  min: 0.0037189046187843687
  num_samples: 2023
  rmse: 0.013039684867982286
  std: 0.005700074489812989
scale:
  max: 0.04554788187309189
  mean: 0.003905674200412885
  median: 0.006990294426963972
  min: -0.08170852885370283
  num_samples: 2023
  rmse: 0.016451868380953853
  std: 0.015981541923871374
trans:
  max: 0.21171791836101322
  mean: 0.0817609140812894
  median: 0.07602360821519144
  min: 0.022518923934545576
  num_samples: 2023
  rmse: 0.08624295434264503
  std: 0.02744084733275499
