rot:
  max: 0.03791773714830169
  mean: 0.009462669002801351
  median: 0.0064941911791026805
  min: 0.0018998137146088033
  num_samples: 835
  rmse: 0.011850857556137812
  std: 0.007134474063257309
scale:
  max: 0.03285107987077218
  mean: -0.0018400459039720231
  median: 0.0022259365926580177
  min: -0.039852439064889444
  num_samples: 835
  rmse: 0.016236883923250595
  std: 0.01613228534983153
trans:
  max: 0.12842683287450898
  mean: 0.060882533716045996
  median: 0.05465127268532208
  min: 0.016508351450244325
  num_samples: 835
  rmse: 0.06827888812226865
  std: 0.030908310395875854
