rot:
  max: 0.038172800481945705
  mean: 0.008272172901500051
  median: 0.007430141829908171
  min: 0.002227860183382406
  num_samples: 952
  rmse: 0.00965595393267258
  std: 0.0049808234095964025
scale:
  max: 0.10017648717305128
  mean: -0.004804121821804953
  median: -0.006856896112273803
  min: -0.028301240817960482
  num_samples: 952
  rmse: 0.017511799266781387
  std: 0.016839938452420256
trans:
  max: 0.16800665040337917
  mean: 0.05623846506425308
  median: 0.05318052887944255
  min: 0.016671888071430503
  num_samples: 952
  rmse: 0.06157907642978942
  std: 0.02508421218939591
