rot:
  max: 0.036065487497138594
  mean: 0.011008162918619632
  median: 0.009501190755236328
  min: 0.0027046104673979225
  num_samples: 2027
  rmse: 0.012528282515903053
  std: 0.005981489108525529
scale:
  max: 0.060515297006405566
  mean: 0.0018052525806944424
  median: 0.005441132263080739
  min: -0.09392550426525703
  num_samples: 2027
  rmse: 0.01779170000032329
  std: 0.017699877175319612
trans:
  max: 0.16184755214902424
  mean: 0.07635318323342126
  median: 0.07705361100495342
  min: 0.015898672776785517
  num_samples: 2027
  rmse: 0.08146682679431348
  std: 0.028408366339131123
