rot:
  max: 0.03713626863450236
  mean: 0.01171814867879454
  median: 0.010250434768408003
  min: 0.0018181586540315627
  num_samples: 668
  rmse: 0.0140097122564964
  std: 0.0076783480678783295
scale:
  max: 0.12448087680676001
  mean: 0.001914160741575575
  median: 0.0005359232142785331
  min: -0.020025636432971727
  num_samples: 668
  rmse: 0.013682527390313127
  std: 0.013547971967865884
trans:
  max: 0.15153944020343454
  mean: 0.06299022959385728
  median: 0.054239713719033085
  min: 0.030204576640509937
  num_samples: 668
  rmse: 0.06893080691047343
  std: 0.027994412246770194
