rot:
  max: 0.03442919352960327
  mean: 0.009887051344701116
  median: 0.007877904854970795
  min: 0.003537713163554657
  num_samples: 1075
  rmse: 0.010910315989686671
  std: 0.0046131562624798115
scale:
  max: 0.1417662038203915
  mean: -0.010321807464850646
  median: -0.016621435986772792
  min: -0.04992539506752436
  num_samples: 1075
  rmse: 0.025105854193414278
  std: 0.0228858953383854
trans:
  max: 0.3003595463117713
  mean: 0.12206539186155159
  median: 0.10545404243952765
  min: 0.04992531941766133
  num_samples: 1075
  rmse: 0.13556697106820065
  std: 0.05897833292228762
