rot:
  max: 0.14945561484655637
  mean: 0.07397333622782291
  median: 0.07633889559700305
  min: 0.024647882205447995
  num_samples: 700
  rmse: 0.07660585508719933
  std: 0.019909860897717107
scale:
  max: 0.09289682281947131
  mean: -0.01051716769624726
  median: -0.014162817795905613
  min: -0.10020224402716515
  num_samples: 700
  rmse: 0.03633147039946377
  std: 0.03477592450296791
trans:
  max: 0.26599378142455565
  mean: 0.11934088110468923
  median: 0.11877855409335453
  min: 0.008884447087059686
  num_samples: 700
  rmse: 0.12904603691239994
  std: 0.04909820505836183
