rot:
  max: 0.036058610855789416
  mean: 0.01181156574947506
  median: 0.010161623512233497
  min: 0.0046287512526716566
  num_samples: 953
  rmse: 0.01306433520358748
  std: 0.005582451867909207
scale:
  max: 0.3249064948342615
  mean: -0.01587600614898672
  median: -0.015638552695875774
  min: -0.09906399504195074
  num_samples: 953
  rmse: 0.05845279084675778
  std: 0.056255499167033866
trans:
  max: 0.42171500660761957
  mean: 0.18183242514451947
  median: 0.1714906091700654
  min: 0.04372065277829225
  num_samples: 953
  rmse: 0.2033145593579524
  std: 0.09096031669349594
