rot:
  max: 0.032637400312757144
  mean: 0.008616999694593029
  median: 0.006810860996199272
  min: 0.0033587866137312007
  num_samples: 871
  rmse: 0.010185638474618505
  std: 0.0054308882697964135
scale:
  max: 0.034185577518793586
  mean: -0.0018701212200420455
  median: 0.0026728282399675063
  min: -0.04794563734630919
  num_samples: 871
  rmse: 0.016017933537940145
  std: 0.015908389027435063
trans:
  max: 0.1243679942378857
  mean: 0.060134995110434124
  median: 0.05438752454189746
  min: 0.018590713296913152
  num_samples: 871
  rmse: 0.06508062859629236
  std: 0.024885147810624172
