rot:
  max: 0.02787412579632261
  mean: 0.0068830317566526975
  median: 0.005310351544943917
  min: 0.0028398772195076627
  num_samples: 780
  rmse: 0.00856633340113809
  std: 0.0050996021194172
scale:
  max: 0.027274409168891012
  mean: -0.002216278582715254
  median: -0.0019374408091157869
  min: -0.023176337670978153
  num_samples: 780
  rmse: 0.009551456036572677
  std: 0.009290770778701751
trans:
  max: 0.06882240546040157
  mean: 0.03603053590583233
  median: 0.037134016473733204
  min: 0.0018555858479041064
  num_samples: 780
  rmse: 0.038054503175002835
  std: 0.012245231489638242
