rot:
  max: 0.045006979697370796
  mean: 0.01776797180881684
  median: 0.017835605863678827
  min: 0.0034841574845457884
  num_samples: 1737
  rmse: 0.019673727218289375
  std: 0.008447172335210862
scale:
  max: 0.135788224899432
  mean: -0.02699805080083511
  median: -0.022911976726984307
  min: -0.06868117239591609
  num_samples: 1737
  rmse: 0.03946312232399118
  std: 0.028782690571137023
trans:
  max: 0.31622028699925664
  mean: 0.1707400105313113
  median: 0.1423187310122587
  min: 0.037066287181133785
  num_samples: 1737
  rmse: 0.18873395163103787
  std: 0.0804260735211826
