rot:
  max: 0.03751172897490831
  mean: 0.01141226464410667
  median: 0.01018809093481857
  min: 0.0031748579655134375
  num_samples: 2029
  rmse: 0.012963337441932858
  std: 0.00614884813003958
scale:
  max: 0.0785627080386917
  mean: 0.007248584451387917
  median: 0.007133548392129763
  min: -0.11656330431022677
  num_samples: 2029
  rmse: 0.02377133187621451
  std: 0.022639219125672825
trans:
  max: 0.14884912300265238
  mean: 0.09120292555841841
  median: 0.09889774422146436
  min: 0.029930879883713787
  num_samples: 2029
  rmse: 0.09747727877030772
  std: 0.03440706680392654
