rot:
  max: 0.035126917741504206
  mean: 0.007951442133325331
  median: 0.0072319607911166504
  min: 0.0022118791785398113
  num_samples: 952
  rmse: 0.009140057150151579
  std: 0.004507240032260984
scale:
  max: 0.10091472952277214
  mean: -0.0047487871475485124
  median: -0.006844753270374593
  min: -0.0282992978653257
  num_samples: 952
  rmse: 0.01753182545865466
  std: 0.016876431036804265
trans:
  max: 0.1671756569309131
  mean: 0.0560800078113469
  median: 0.05321462511437184
  min: 0.017067078374466218
  num_samples: 952
  rmse: 0.06140458063164354
  std: 0.025011102463251788
