rot:
  max: 0.04129040152284226
  mean: 0.02061383757699519
  median: 0.021342315286004748
  min: 0.0028197314710080887
  num_samples: 3638
  rmse: 0.022111343750965563
  std: 0.00799882634032172
scale:
  max: 0.010346475946904743
  mean: -0.024285415091890014
  median: -0.024143281016199836
  min: -0.049569463543064574
  num_samples: 3638
  rmse: 0.03104541159945549
  std: 0.019340015387641345
trans:
  max: 0.30549013614882287
  mean: 0.1868083922299578
  median: 0.19687085733719206
  min: 0.015827635934723795
  num_samples: 3638
  rmse: 0.21011171499679465
  std: 0.09617461916406173
