rot:
  max: 0.0368791683681043
  mean: 0.010978214654539754
  median: 0.010080565151478031
  min: 0.002079146995415663
  num_samples: 666
  rmse: 0.01273814630955193
  std: 0.0064605862274564755
scale:
  max: 0.13380300383859356
  mean: 0.0022924224064389174
  median: 0.0005050170925755548
  min: -0.023869992355399883
  num_samples: 666
  rmse: 0.014970116840398387
  std: 0.01479355257284863
trans:
  max: 0.1640478627263094
  mean: 0.06669492310619486
  median: 0.05805626128941034
  min: 0.03428601187457349
  num_samples: 666
  rmse: 0.07275271501109074
  std: 0.029064493344005606
