rot:
  max: 0.029335241121159265
  mean: 0.011102671126557698
  median: 0.009901580833179213
  min: 0.0054273232019786954
  num_samples: 666
  rmse: 0.011920711424549963
  std: 0.00433982196903263
scale:
  max: 0.14444383113615977
  mean: -6.022666735131324e-07
  median: -0.002149998451018098
  min: -0.023062640399359235
  num_samples: 666
  rmse: 0.014737323021209206
  std: 0.014737323008902863
trans:
  max: 0.15120948385560265
  mean: 0.06305296444979833
  median: 0.051650458050205225
  min: 0.022898075872554123
  num_samples: 666
  rmse: 0.06934214985881293
  std: 0.02885580394192008
