rot:
  max: 0.05223054840638658
  mean: 0.011608610817419642
  median: 0.010495034987718255
  min: 0.003959837730167575
  num_samples: 2026
  rmse: 0.01293843940150172
  std: 0.005713437584853847
scale:
  max: 0.19211004165784917
  mean: -0.0023033946620006265
  median: 0.00487228391360095
  min: -0.15104108696368146
  num_samples: 2026
  rmse: 0.04366449986249576
  std: 0.04360370306835146
trans:
  max: 0.334489350054308
  mean: 0.18957541929074512
  median: 0.19593071526370057
  min: 0.057626879971441995
  num_samples: 2026
  rmse: 0.2018020624208973
  std: 0.06917537710823048
