rot:
  max: 0.03587622526344736
  mean: 0.005608541568894754
  median: 0.005178197625822429
  min: 0.0005676136382222986
  num_samples: 1070
  rmse: 0.007499060865816475
  std: 0.00497796899741245
scale:
  max: 0.0783723157644145
  mean: -0.013823589813004302
  median: -0.020178333064953924
  min: -0.05480105312752537
  num_samples: 1070
  rmse: 0.029621979841539026
  std: 0.026198665126573702
trans:
  max: 0.19134887508577894
  mean: 0.1346336206073852
  median: 0.15800155421318637
  min: 0.04148774625960743
  num_samples: 1070
  rmse: 0.14267759899347485
  std: 0.047230132931101336
