rot:
  max: 0.03780101896769814
  mean: 0.011503044108486005
  median: 0.010204127886892532
  min: 0.003119686764005093
  num_samples: 2029
  rmse: 0.01310910957803688
  std: 0.006287187778904267
scale:
  max: 0.08038157388221179
  mean: 0.007298838214503001
  median: 0.007247186302565156
  min: -0.11908814702334436
  num_samples: 2029
  rmse: 0.024117962264931975
  std: 0.022987019479071082
trans:
  max: 0.149707319188017
  mean: 0.09181736549207399
  median: 0.09949364447095266
  min: 0.02936650542343608
  num_samples: 2029
  rmse: 0.0982479593619157
  std: 0.03496044783574023
