rot:
  max: 0.03635238915675311
  mean: 0.014487614453213686
  median: 0.013572414963612943
  min: 0.007299581237878503
  num_samples: 1100
  rmse: 0.015472023244216749
  std: 0.005430702599537005
scale:
  max: 0.17030696454906358
  mean: -0.015423179626003428
  median: -0.01424623759928012
  min: -0.061705414777789125
  num_samples: 1100
  rmse: 0.03386729339767183
  std: 0.03015160181993688
trans:
  max: 0.2862109012133328
  mean: 0.15243649914827043
  median: 0.15109393065442958
  min: 0.027211515048652168
  num_samples: 1100
  rmse: 0.1674396753472955
  std: 0.06927595981166255
